$ANSIBLE_VAULT;1.1;AES256
37613631626566366637643437346531366130306435656237366264633937326339656665646338
3934353830333232643037353761316433666665643834300a376661643264383939633030363661
33666163343339613330643463376164393236636264343734373535363262653266613833336433
6533343835633261610a323662396165373630396430643465333434613031663239383263643132
62376539346637623335663862666632383634326230356135376166303562396562393434643132
31316464646534643465303438656364393565646233626362306638333333316236623061353264
61316139383562396161666438363635663666613035346335373465363936613136636263376435
37316230353233663932383436326461336335656162626165363730346563356537643031356338
64393266653535343137303239343935383333666661316162633439363662353939643538346435
61633963653735636233613862373438373862363266633834323761393262613034646561336334
35303535613236383238666662383630373063646639393130636661393830633230346134393961
36663062333866623565386461346665333637663862386532383261373265643163336531613762
65383461373163353030393936343634386664666165366466323436346263306636346531653137
61383839326564363666613231393366326231316265663264613962316162643538626231316364
37616362333130386265313832363637393736623262356532306463373562643035313838636165
31383764613365343039383866353564653664613362656534326537346366653636653964306330
62363130306362353763613933343438656263623738373237623337326663646461643431383039
33623838653335393630376638653833343238643838353031636533613231656566613462653336
35303334326635353033333534383734653233333936343263613933636136363932363261313836
64653163643265663231333035656334623662623361373565353462313331333334303764663863
38616138396464666239626638376436333836333933336238663237343939653362343065646131
35363334633961393739616163323661616433323331373362393237346538316633366438613536
37386262633264636439346261393633336435373431316132356161373130363561623133306232
37313264343231633030633033363335353731613963653134613738626666316139393430623934
33326530383034313237393233346265323862633362306466353839393666646266313866633332
66393162623062303066636665376437393234663437336165303165393739333761393237376435
66353765396532613062363131356133613064653437333364666234303133323430633935616535
65666231346435313466303664366262326632386261373233343661333332656437626235383566
35626537626136343262626434613830656434663231393737326530366239613132656234386532
35336630303339316661313138633436333730616161333336313866306536313633346131626230
65616430633539373534363765386432663266316336643637386633393133663964643430386433
39383138643635323666633832626535663630646134623132316135313861623130613939633237
63343564623965313737346366386535626662653834333965316661303330643365633334356434
35373937633830623635303130666336393564613030653063373133353561656130386639313961
61363436393238623863303331363537343736633537306564383765663561383664336230393836
33663536363661323764633437656664353639323364623332393833306536313630353533633038
61376262633434323164316537383035613431646139386462663432373530333135393539353663
37646535353637653037366366666236383861363735643266623461306136653435393961366233
62383831623462613665643766376161353938663634613965376166656562376562373731326162
62386434653633636432386336323465643431626232313537326535303036633166653039323466
64313637366534343131363461356232623166636435366333386437343336313839616538323134
65313735303861653635353461633563326536383331623265666666323261396634326466356238
31613263363065343565633533666333353735336231636264626535336237646331656235313535
61393239343435366232
